get gsc from 'a' marker
0.218966641429963	-0.0890170995104277	-0.971663298646003	0.280202440860405
0.0291375818964271	-0.994789088474291	0.0977019486689919	-0.0318814076233128
-0.975297191251010	-0.0497053865012626	-0.215231882607223	0.349714072431577
0	0	0	1
get gsc from 'b' marker
0.151503717922201	-0.0132471429801221	-0.988367915635981	0.300134324465530
0.0224531657669195	-0.999606065001704	0.0168395415273852	0.0348515456648689
-0.988201638737152	-0.0247432417979832	-0.151146595008067	0.311577429945889
0	0	0	1
average the two gsc above
0.185235179676082	-0.0511321212452749	-0.980015607140992	0.290168382662967
0.0257953738316733	-0.997197576737998	0.0572707450981886	0.00148506902077807
-0.981749414994081	-0.0372243141496229	-0.183189238807645	0.330645751188733
0	0	0	1
measurement
g=
0 0 1 28.8
0 1 0 1.3
-1 0 0 32.8